48930
62522
22990
6730
48530
59996
40491
53932
40388
52515
61141
53719
44047
48154
57466
51147
50972
43534
50054
51592
22513
42560
46948
49495
51531
24013
46338
38376
23564
54525
6529
48241
43743
37249
60564
45227
37308
65579
11905
42826
43248
55771
53451
52629
49914
22512
38078
55798
36911
48986
56508
32013
41361
34958
50304
50244
50180
16514
53658
56846
32956
18060
42646
46631
38330
41491
30800
56101
37961
47312
53152
35810
43795
59677
49172
51315
56522
35365
51657
41611
15870
52824
55036
47870
38324
32693
56745
35334
40010
49503
40732
25930
50428
52442
62332
46639
47117
61137
51026
47748
36752
46778
42768
29925
54232
46404
38670
53142
63904
53189
55395
54043
71506
33395
52481
29345
46756
23627
48983
66821
42198
39940
49212
43148
54643
56770
51864
21758
32901
39107
50589
56428
47365
68729
58688
47233
42906
59609
53256
30319
43009
21724
47388
51253
52421
43839
55666
57493
67818
51153
56212
45159
28837
54836
40494
54905
38477
52416
43661
56478
18151
26068
41123
52635
48799
41472
66684
46016
45284
38195
56753
50168
32039
59325
60655
49298
42663
43262
48116
46345
54003
60239
67613
39799
55847
59527
48041
53012
55057
29467
44610
69368
35415
20586
58483
44452
37180
39923
50073
53418
54967
51459
50168
57974
47105
51151
44681
23193
43780
40729
31766
51290
47034
49431
48445
17189
58956
46884
49135
50205
56704
42732
54270
32598
59702
50349
44418
65762
39419
53385
59334
41844
44588
49503
38760
50084
47893
42075
51770
19350
55093
46785
37571
46253
38959
43938
60438
57364
45067
54934
56724
50484
45971
62338
68342
128
